Ra = 2.70000000e+05
Rb = 1.20000000e+03
Hv = 4.42477876e-03
Hi = 1.00000000e-01
D = 6.66666667e-01
VC = 6.66666667e-01
L0 = 5.07936508e-04
IL0 = 3.50000000e+01
C0 = 2.76543210e-03
V0 = 1.50000000e+02
Vi = 5.00000000e+01
fs = 1.25000000e+04
R0 = 1.28571429e+01
VTm = 0.00000000e+00
VTM = 1.00000000e+00
Kp = 2.51811652e-03
Ki = 3.53996523e+00
ST = 6.37885983e+00
fa = 2.50000000e+04
a0z = 1.00000000e+00
a1z = -1.00000000e+00
b1z = -2.44731721e-03
b0z = 2.58891582e-03
